cons_flm=2.716518
cons_sts=0.288691
cons_lts=0.068126
cons_duff=0.000000
moist_duff=40.000000
