Phase, CO2, CO, CH4, PM25, PM10, NOx, SO2, NH3, VOC, Total
Flame, 1.908325, 0.083056, 0.004419, 0.008421, 0.009937, 0.002799, 0.001134, 0.001396, 0.020061, 2.039548
Smold, 0.120292, 0.018144, 0.000852, 0.001436, 0.001695, 0.000078, 0.000085, 0.000295, 0.004233, 0.147110
Resid, 0.014007, 0.002113, 0.000099, 0.000167, 0.000197, 0.000009, 0.000010, 0.000034, 0.000493, 0.017130
Total, 2.042625, 0.103313, 0.005370, 0.010025, 0.011829, 0.002887, 0.001228, 0.001724, 0.024787, 2.203788
