Phase, CO2, CO, CH4, PM25, PM10, NOx, SO2, NH3, VOC, Total
Flame, 22.364996, 0.973393, 0.051788, 0.098695, 0.116460, 0.032808, 0.013286, 0.016355, 0.235106, 23.902887
Smold, 6.831093, 1.030342, 0.048389, 0.081557, 0.096237, 0.004452, 0.004806, 0.016724, 0.240407, 8.354007
Resid, 4.483498, 0.676252, 0.031759, 0.053529, 0.063164, 0.002922, 0.003154, 0.010977, 0.157788, 5.483043
Total, 33.679588, 2.679987, 0.131936, 0.233780, 0.275860, 0.040183, 0.021245, 0.044056, 0.633301, 37.739936
