cons_flm=3.567993
cons_sts=0.310647
cons_lts=0.091539
cons_duff=0.000000
moist_duff=40.000000
