cons_flm=3.736058
cons_sts=0.210293
cons_lts=0.000000
cons_duff=0.000000
moist_duff=150.000000
