cons_flm=5.069948
cons_sts=1.718917
cons_lts=1.201391
cons_duff=0.000187
moist_duff=150.000000
