Phase, CO2, CO, CH4, PM25, PM10, NOx, SO2, NH3, VOC, Total
Flame, 8.363893, 0.364022, 0.019367, 0.036909, 0.043553, 0.012269, 0.004969, 0.006116, 0.087923, 8.939022
Smold, 2.394589, 0.361179, 0.016962, 0.028589, 0.033735, 0.001561, 0.001685, 0.005862, 0.084273, 2.928435
Resid, 1.673634, 0.252436, 0.011855, 0.019982, 0.023578, 0.001091, 0.001177, 0.004097, 0.058900, 2.046751
Total, 12.432116, 0.977637, 0.048185, 0.085480, 0.100866, 0.014921, 0.007830, 0.016076, 0.231096, 13.914208
