cons_flm=13.890613
cons_sts=0.946185
cons_lts=0.039220
cons_duff=0.000000
moist_duff=40.000000
