cons_flm=8.818507
cons_sts=2.589303
cons_lts=1.976520
cons_duff=0.000000
moist_duff=150.000000
