cons_flm=1.838911
cons_sts=0.440281
cons_lts=0.177749
cons_duff=0.000000
moist_duff=150.000000
