cons_flm=4.920732
cons_sts=2.299088
cons_lts=0.899519
cons_duff=2.609100
moist_duff=40.000000
