Phase, CO2, CO, CH4, PM25, PM10, NOx, SO2, NH3, VOC, Total
Flame, 32.655520, 1.421268, 0.075616, 0.144106, 0.170045, 0.047903, 0.019399, 0.023880, 0.343282, 34.901020
Smold, 41.120977, 6.202328, 0.291284, 0.490944, 0.579314, 0.026802, 0.028928, 0.100673, 1.447175, 50.288425
Resid, 59.015775, 8.901423, 0.418043, 0.704590, 0.831416, 0.038466, 0.041516, 0.144483, 2.076948, 72.172662
Total, 132.792272, 16.525020, 0.784943, 1.339640, 1.580776, 0.113172, 0.089843, 0.269037, 3.867404, 157.362107
