Phase, CO2, CO, CH4, PM25, PM10, NOx, SO2, NH3, VOC, Total
Flame, 11.091776, 0.482748, 0.025684, 0.048947, 0.057758, 0.016271, 0.006589, 0.008111, 0.116599, 11.854483
Smold, 2.220752, 0.334959, 0.015731, 0.026514, 0.031286, 0.001447, 0.001562, 0.005437, 0.078155, 2.715843
Resid, 1.207997, 0.182204, 0.008557, 0.014422, 0.017018, 0.000787, 0.000850, 0.002957, 0.042513, 1.477306
Total, 14.520525, 0.999911, 0.049972, 0.089883, 0.106062, 0.018506, 0.009001, 0.016506, 0.237267, 16.047632
