cons_flm=1.664207
cons_sts=0.964041
cons_lts=1.443040
cons_duff=0.000022
moist_duff=150.000000
