cons_flm=2.608070
cons_sts=0.191536
cons_lts=0.031376
cons_duff=0.000000
moist_duff=150.000000
