Phase, CO2, CO, CH4, PM25, PM10, NOx, SO2, NH3, VOC, Total
Flame, 9.033498, 0.393166, 0.020918, 0.039864, 0.047040, 0.013252, 0.005366, 0.006606, 0.094962, 9.654671
Smold, 9.745056, 1.469859, 0.069030, 0.116346, 0.137289, 0.006352, 0.006855, 0.023858, 0.342959, 11.917603
Resid, 15.783440, 2.380636, 0.111803, 0.188439, 0.222358, 0.010288, 0.011103, 0.038641, 0.555468, 19.302176
Total, 34.561994, 4.243661, 0.201751, 0.344649, 0.406686, 0.029891, 0.023325, 0.069105, 0.993389, 40.874451
