Phase, CO2, CO, CH4, PM25, PM10, NOx, SO2, NH3, VOC, Total
Flame, 3.134280, 0.136413, 0.007258, 0.013831, 0.016321, 0.004598, 0.001862, 0.002292, 0.032948, 3.349803
Smold, 0.596589, 0.089984, 0.004226, 0.007123, 0.008405, 0.000389, 0.000420, 0.001461, 0.020996, 0.729592
Resid, 0.601440, 0.090716, 0.004260, 0.007181, 0.008473, 0.000392, 0.000423, 0.001472, 0.021167, 0.735524
Total, 4.332309, 0.317114, 0.015744, 0.028135, 0.033199, 0.005379, 0.002705, 0.005225, 0.075111, 4.814919
