Phase, CO2, CO, CH4, PM25, PM10, NOx, SO2, NH3, VOC, Total
Flame, 3.254078, 0.141627, 0.007535, 0.014360, 0.016945, 0.004774, 0.001933, 0.002380, 0.034208, 3.477839
Smold, 0.250270, 0.037748, 0.001773, 0.002988, 0.003526, 0.000163, 0.000176, 0.000613, 0.008808, 0.306064
Resid, 0.086088, 0.012985, 0.000610, 0.001028, 0.001213, 0.000056, 0.000061, 0.000211, 0.003030, 0.105281
Total, 3.590436, 0.192361, 0.009918, 0.018376, 0.021683, 0.004993, 0.002170, 0.003203, 0.046045, 3.889184
