cons_flm=1.899909
cons_sts=0.428252
cons_lts=0.431734
cons_duff=0.000000
moist_duff=150.000000
