Phase, CO2, CO, CH4, PM25, PM10, NOx, SO2, NH3, VOC, Total
Flame, 20.730097, 0.902237, 0.048002, 0.091480, 0.107947, 0.030410, 0.012315, 0.015160, 0.217919, 22.155567
Smold, 13.102259, 1.976230, 0.092811, 0.156428, 0.184585, 0.008540, 0.009217, 0.032077, 0.461109, 16.023256
Resid, 22.865893, 3.448891, 0.161972, 0.272996, 0.322135, 0.014904, 0.016086, 0.055981, 0.804722, 27.963580
Total, 56.698248, 6.327359, 0.302785, 0.520905, 0.614667, 0.053853, 0.037617, 0.103217, 1.483750, 66.142403
