Phase, CO2, CO, CH4, PM25, PM10, NOx, SO2, NH3, VOC, Total
Flame, 22.200501, 0.966234, 0.051407, 0.097969, 0.115604, 0.032567, 0.013188, 0.016235, 0.233376, 23.727081
Smold, 1.251040, 0.188696, 0.008862, 0.014936, 0.017625, 0.000815, 0.000880, 0.003063, 0.044028, 1.529945
Resid, 0.054637, 0.008241, 0.000387, 0.000652, 0.000770, 0.000036, 0.000038, 0.000134, 0.001923, 0.066817
Total, 23.506178, 1.163171, 0.060656, 0.113558, 0.133998, 0.033418, 0.014107, 0.019431, 0.279327, 25.323843
