cons_flm=6.730167
cons_sts=0.741479
cons_lts=0.385539
cons_duff=0.000000
moist_duff=40.000000
