cons_flm=2.829822
cons_sts=0.614591
cons_lts=0.193641
cons_duff=0.000000
moist_duff=150.000000
