Phase, CO2, CO, CH4, PM25, PM10, NOx, SO2, NH3, VOC, Total
Flame, 16.851151, 0.733414, 0.039020, 0.074363, 0.087748, 0.024720, 0.010010, 0.012323, 0.177143, 18.009892
Smold, 1.240366, 0.187086, 0.008786, 0.014809, 0.017474, 0.000808, 0.000873, 0.003037, 0.043652, 1.516892
Resid, 0.413760, 0.062408, 0.002931, 0.004940, 0.005829, 0.000270, 0.000291, 0.001013, 0.014561, 0.506003
Total, 18.505277, 0.982908, 0.050737, 0.094111, 0.111052, 0.025798, 0.011174, 0.016373, 0.235357, 20.032786
