cons_flm=5.241541
cons_sts=4.216367
cons_lts=5.168306
cons_duff=0.014683
moist_duff=150.000000
