Phase, CO2, CO, CH4, PM25, PM10, NOx, SO2, NH3, VOC, Total
Flame, 8.646970, 0.376343, 0.020023, 0.038158, 0.045027, 0.012685, 0.005137, 0.006323, 0.090899, 9.241564
Smold, 5.873737, 0.885943, 0.041607, 0.070127, 0.082749, 0.003828, 0.004132, 0.014380, 0.206715, 7.183218
Resid, 7.199864, 1.085964, 0.051001, 0.085959, 0.101432, 0.004693, 0.005065, 0.017627, 0.253386, 8.804990
Total, 21.720570, 2.348250, 0.112631, 0.194244, 0.229208, 0.021206, 0.014334, 0.038330, 0.550999, 25.229773
