Phase, CO2, CO, CH4, PM25, PM10, NOx, SO2, NH3, VOC, Total
Flame, 3.003769, 0.130733, 0.006955, 0.013255, 0.015641, 0.004406, 0.001784, 0.002197, 0.031576, 3.210318
Smold, 0.193495, 0.029185, 0.001371, 0.002310, 0.002726, 0.000126, 0.000136, 0.000474, 0.006810, 0.236632
Resid, 0.013084, 0.001973, 0.000093, 0.000156, 0.000184, 0.000009, 0.000009, 0.000032, 0.000460, 0.016001
Total, 3.210347, 0.161892, 0.008419, 0.015722, 0.018552, 0.004541, 0.001930, 0.002702, 0.038846, 3.462951
