cons_flm=4.485445
cons_sts=0.430479
cons_lts=0.332946
cons_duff=0.000000
moist_duff=150.000000
