cons_flm=0.848825
cons_sts=0.062482
cons_lts=0.007350
cons_duff=0.000000
moist_duff=150.000000
