cons_flm=6.839313
cons_sts=0.584643
cons_lts=0.085191
cons_duff=0.000000
moist_duff=40.000000
