cons_flm=4.341673
cons_sts=0.323604
cons_lts=0.044056
cons_duff=0.000000
moist_duff=40.000000
