cons_flm=4.191701
cons_sts=0.254346
cons_lts=0.000000
cons_duff=0.000000
moist_duff=40.000000
