cons_flm=9.432262
cons_sts=3.307718
cons_lts=1.761258
cons_duff=0.000000
moist_duff=150.000000
