Phase, CO2, CO, CH4, PM25, PM10, NOx, SO2, NH3, VOC, Total
Flame, 15.560403, 0.677236, 0.036031, 0.068667, 0.081027, 0.022826, 0.009244, 0.011379, 0.163574, 16.630387
Smold, 4.607916, 0.695018, 0.032641, 0.055014, 0.064916, 0.003003, 0.003242, 0.011281, 0.162167, 5.635197
Resid, 2.453573, 0.370076, 0.017380, 0.029293, 0.034566, 0.001599, 0.001726, 0.006007, 0.086349, 3.000569
Total, 22.621892, 1.742330, 0.086052, 0.152974, 0.180509, 0.027429, 0.014211, 0.028667, 0.412090, 25.266154
