cons_flm=3.542397
cons_sts=0.424234
cons_lts=0.256104
cons_duff=0.000000
moist_duff=150.000000
