Phase, CO2, CO, CH4, PM25, PM10, NOx, SO2, NH3, VOC, Total
Flame, 10.073124, 0.438413, 0.023325, 0.044452, 0.052453, 0.014777, 0.005984, 0.007366, 0.105891, 10.765785
Smold, 5.184506, 0.781986, 0.036725, 0.061898, 0.073040, 0.003379, 0.003647, 0.012693, 0.182459, 6.340332
Resid, 5.641817, 0.850962, 0.039964, 0.067358, 0.079482, 0.003677, 0.003969, 0.013812, 0.198553, 6.899595
Total, 20.899447, 2.071361, 0.100014, 0.173708, 0.204975, 0.021833, 0.013600, 0.033871, 0.486903, 24.005712
