cons_flm=2.036488
cons_sts=0.209228
cons_lts=0.068530
cons_duff=0.000000
moist_duff=150.000000
