cons_flm=8.280114
cons_sts=0.566657
cons_lts=0.044281
cons_duff=0.000000
moist_duff=40.000000
