cons_flm=9.731820
cons_sts=0.778368
cons_lts=0.000000
cons_duff=0.000000
moist_duff=40.000000
