Phase, CO2, CO, CH4, PM25, PM10, NOx, SO2, NH3, VOC, Total
Flame, 2.741651, 0.119325, 0.006348, 0.012099, 0.014276, 0.004022, 0.001629, 0.002005, 0.028821, 2.930176
Smold, 1.783112, 0.268949, 0.012631, 0.021289, 0.025121, 0.001162, 0.001254, 0.004365, 0.062753, 2.180636
Resid, 3.195894, 0.482041, 0.022638, 0.038156, 0.045024, 0.002083, 0.002248, 0.007824, 0.112473, 3.908382
Total, 7.720657, 0.870315, 0.041618, 0.071543, 0.084421, 0.007267, 0.005131, 0.014195, 0.204047, 9.019194
