Phase, CO2, CO, CH4, PM25, PM10, NOx, SO2, NH3, VOC, Total
Flame, 13.293667, 0.578581, 0.030782, 0.058664, 0.069223, 0.019501, 0.007897, 0.009721, 0.139746, 14.207783
Smold, 4.092064, 0.617211, 0.028986, 0.048855, 0.057649, 0.002667, 0.002879, 0.010018, 0.144012, 5.004342
Resid, 2.385769, 0.359849, 0.016900, 0.028484, 0.033611, 0.001555, 0.001678, 0.005841, 0.083963, 2.917649
Total, 19.771500, 1.555641, 0.076669, 0.136003, 0.160483, 0.023723, 0.012454, 0.025581, 0.367721, 22.129775
