Phase, CO2, CO, CH4, PM25, PM10, NOx, SO2, NH3, VOC, Total
Flame, 7.545279, 0.328394, 0.017472, 0.033297, 0.039290, 0.011068, 0.004482, 0.005518, 0.079318, 8.064117
Smold, 2.879051, 0.434251, 0.020394, 0.034373, 0.040560, 0.001877, 0.002025, 0.007049, 0.101323, 3.520902
Resid, 2.154012, 0.324892, 0.015258, 0.025717, 0.030346, 0.001404, 0.001515, 0.005273, 0.075806, 2.634225
Total, 12.578342, 1.087537, 0.053124, 0.093387, 0.110196, 0.014349, 0.008023, 0.017840, 0.256447, 14.219244
