cons_flm=4.996338
cons_sts=1.062835
cons_lts=0.679511
cons_duff=0.000000
moist_duff=150.000000
