Phase, CO2, CO, CH4, PM25, PM10, NOx, SO2, NH3, VOC, Total
Flame, 1.918400, 0.083495, 0.004442, 0.008466, 0.009990, 0.002814, 0.001140, 0.001403, 0.020167, 2.050315
Smold, 0.421114, 0.063517, 0.002983, 0.005028, 0.005933, 0.000274, 0.000296, 0.001031, 0.014820, 0.514997
Resid, 0.139295, 0.021010, 0.000987, 0.001663, 0.001962, 0.000091, 0.000098, 0.000341, 0.004902, 0.170350
Total, 2.478809, 0.168022, 0.008412, 0.015156, 0.017885, 0.003179, 0.001534, 0.002775, 0.039889, 2.735662
