cons_flm=3.522351
cons_sts=0.397336
cons_lts=0.199930
cons_duff=0.000000
moist_duff=150.000000
