cons_flm=4.361730
cons_sts=0.282765
cons_lts=0.000000
cons_duff=0.000000
moist_duff=40.000000
