cons_flm=17.799853
cons_sts=1.862018
cons_lts=0.770699
cons_duff=0.000000
moist_duff=40.000000
