cons_flm=3.800631
cons_sts=0.267370
cons_lts=0.020110
cons_duff=0.000000
moist_duff=150.000000
