Phase, CO2, CO, CH4, PM25, PM10, NOx, SO2, NH3, VOC, Total
Flame, 6.269901, 0.272885, 0.014518, 0.027669, 0.032649, 0.009198, 0.003725, 0.004585, 0.065911, 6.701040
Smold, 0.372468, 0.056180, 0.002638, 0.004447, 0.005247, 0.000243, 0.000262, 0.000912, 0.013108, 0.455505
Resid, 0.028015, 0.004226, 0.000198, 0.000334, 0.000395, 0.000018, 0.000020, 0.000069, 0.000986, 0.034260
Total, 6.670384, 0.333291, 0.017355, 0.032450, 0.038291, 0.009459, 0.004006, 0.005566, 0.080005, 7.190806
