cons_flm=2.026132
cons_sts=1.448680
cons_lts=2.218557
cons_duff=0.000000
moist_duff=150.000000
