cons_flm=1.944333
cons_sts=0.468092
cons_lts=0.486478
cons_duff=0.000000
moist_duff=150.000000
