cons_flm=2.483725
cons_sts=0.545424
cons_lts=0.515254
cons_duff=0.000000
moist_duff=40.000000
