cons_flm=4.660915
cons_sts=1.867333
cons_lts=2.556496
cons_duff=0.000000
moist_duff=150.000000
