cons_flm=13.022814
cons_sts=0.839534
cons_lts=0.010802
cons_duff=0.000000
moist_duff=150.000000
