Phase, CO2, CO, CH4, PM25, PM10, NOx, SO2, NH3, VOC, Total
Flame, 18.822496, 0.819213, 0.043585, 0.083062, 0.098013, 0.027611, 0.011181, 0.013765, 0.197866, 20.116793
Smold, 13.474076, 2.032312, 0.095445, 0.160867, 0.189823, 0.008782, 0.009479, 0.032987, 0.474194, 16.477966
Resid, 20.626114, 3.111063, 0.146107, 0.246255, 0.290581, 0.013444, 0.014510, 0.050497, 0.725897, 25.224468
Total, 52.922686, 5.962587, 0.285136, 0.490185, 0.578418, 0.049838, 0.035170, 0.097249, 1.397957, 61.819227
