cons_flm=1.151776
cons_sts=0.063751
cons_lts=0.000000
cons_duff=0.000000
moist_duff=40.000000
