Phase, CO2, CO, CH4, PM25, PM10, NOx, SO2, NH3, VOC, Total
Flame, 38.806591, 1.688982, 0.089859, 0.171251, 0.202076, 0.056927, 0.023053, 0.028379, 0.407943, 41.475060
Smold, 21.151160, 3.190256, 0.149826, 0.252524, 0.297978, 0.013786, 0.014879, 0.051783, 0.744375, 25.866567
Resid, 6.226251, 0.939113, 0.044104, 0.074335, 0.087716, 0.004058, 0.004380, 0.015243, 0.219121, 7.614322
Total, 66.184002, 5.818351, 0.283790, 0.498110, 0.587770, 0.074771, 0.042312, 0.095404, 1.371439, 74.955949
