Phase, CO2, CO, CH4, PM25, PM10, NOx, SO2, NH3, VOC, Total
Flame, 13.267930, 0.577461, 0.030723, 0.058550, 0.069089, 0.019463, 0.007882, 0.009703, 0.139475, 14.180277
Smold, 4.683985, 0.706491, 0.033179, 0.055922, 0.065988, 0.003053, 0.003295, 0.011467, 0.164844, 5.728225
Resid, 4.271750, 0.644313, 0.030259, 0.051000, 0.060181, 0.002784, 0.003005, 0.010458, 0.150336, 5.224088
Total, 22.223665, 1.928266, 0.094162, 0.165473, 0.195258, 0.025300, 0.014182, 0.031628, 0.454655, 25.132590
