Phase, CO2, CO, CH4, PM25, PM10, NOx, SO2, NH3, VOC, Total
Flame, 11.747783, 0.511300, 0.027203, 0.051842, 0.061174, 0.017233, 0.006979, 0.008591, 0.123495, 12.555599
Smold, 1.267062, 0.191113, 0.008975, 0.015127, 0.017850, 0.000826, 0.000891, 0.003102, 0.044592, 1.549539
Resid, 0.539002, 0.081298, 0.003818, 0.006435, 0.007593, 0.000351, 0.000379, 0.001320, 0.018969, 0.659166
Total, 13.553847, 0.783710, 0.039996, 0.073405, 0.086618, 0.018410, 0.008249, 0.013013, 0.187056, 14.764304
