cons_flm=3.156569
cons_sts=1.587167
cons_lts=2.019650
cons_duff=0.000158
moist_duff=40.000000
