cons_flm=1.126204
cons_sts=0.059274
cons_lts=0.000000
cons_duff=0.000000
moist_duff=150.000000
