Phase, CO2, CO, CH4, PM25, PM10, NOx, SO2, NH3, VOC, Total
Flame, 7.145874, 0.311010, 0.016547, 0.031534, 0.037210, 0.010483, 0.004245, 0.005226, 0.075119, 7.637247
Smold, 16.685003, 2.516620, 0.118190, 0.199202, 0.235059, 0.010875, 0.011738, 0.040848, 0.587197, 20.404732
Resid, 58.086309, 8.761231, 0.411459, 0.693493, 0.818322, 0.037860, 0.040862, 0.142208, 2.044237, 71.035982
Total, 81.917186, 11.588861, 0.546196, 0.924230, 1.090591, 0.059218, 0.056845, 0.188282, 2.706553, 99.077961
