cons_flm=8.091987
cons_sts=0.509271
cons_lts=0.000000
cons_duff=0.000000
moist_duff=40.000000
