Phase, CO2, CO, CH4, PM25, PM10, NOx, SO2, NH3, VOC, Total
Flame, 9.411903, 0.409635, 0.021794, 0.041534, 0.049010, 0.013807, 0.005591, 0.006883, 0.098940, 10.059097
Smold, 1.930086, 0.291117, 0.013672, 0.023043, 0.027191, 0.001258, 0.001358, 0.004725, 0.067926, 2.360376
Resid, 0.940333, 0.141832, 0.006661, 0.011227, 0.013247, 0.000613, 0.000662, 0.002302, 0.033093, 1.149970
Total, 12.282322, 0.842584, 0.042127, 0.075804, 0.089449, 0.015678, 0.007610, 0.013910, 0.199959, 13.569442
