Phase, CO2, CO, CH4, PM25, PM10, NOx, SO2, NH3, VOC, Total
Flame, 10.724884, 0.466780, 0.024834, 0.047328, 0.055847, 0.015733, 0.006371, 0.007843, 0.112742, 11.462363
Smold, 2.742757, 0.413694, 0.019429, 0.032746, 0.038640, 0.001788, 0.001929, 0.006715, 0.096526, 3.354223
Resid, 2.555697, 0.385479, 0.018103, 0.030513, 0.036005, 0.001666, 0.001798, 0.006257, 0.089943, 3.125460
Total, 16.023339, 1.265952, 0.062366, 0.110586, 0.130492, 0.019186, 0.010098, 0.020815, 0.299211, 17.942047
