cons_flm=1.596337
cons_sts=0.084631
cons_lts=0.000000
cons_duff=0.000000
moist_duff=150.000000
