Phase, CO2, CO, CH4, PM25, PM10, NOx, SO2, NH3, VOC, Total
Flame, 5.916499, 0.257504, 0.013700, 0.026109, 0.030809, 0.008679, 0.003515, 0.004327, 0.062196, 6.323337
Smold, 0.814733, 0.122887, 0.005771, 0.009727, 0.011478, 0.000531, 0.000573, 0.001995, 0.028673, 0.996368
Resid, 0.305126, 0.046023, 0.002161, 0.003643, 0.004299, 0.000199, 0.000215, 0.000747, 0.010738, 0.373151
Total, 7.036358, 0.426414, 0.021633, 0.039479, 0.046585, 0.009409, 0.004302, 0.007068, 0.101607, 7.692856
