Phase, CO2, CO, CH4, PM25, PM10, NOx, SO2, NH3, VOC, Total
Flame, 8.222717, 0.357878, 0.019040, 0.036286, 0.042818, 0.012062, 0.004885, 0.006013, 0.086439, 8.788138
Smold, 13.139196, 1.981801, 0.093073, 0.156869, 0.185105, 0.008564, 0.009243, 0.032168, 0.462409, 16.068428
Resid, 11.065059, 1.668957, 0.078380, 0.132106, 0.155885, 0.007212, 0.007784, 0.027090, 0.389414, 13.531886
Total, 32.426972, 4.008636, 0.190493, 0.325261, 0.383808, 0.027838, 0.021912, 0.065270, 0.938262, 38.388453
