cons_flm=0.674196
cons_sts=0.036743
cons_lts=0.000000
cons_duff=0.000000
moist_duff=40.000000
