cons_flm=2.258324
cons_sts=0.293873
cons_lts=0.082574
cons_duff=0.000000
moist_duff=150.000000
