cons_flm=3.271698
cons_sts=0.545953
cons_lts=0.195339
cons_duff=0.000000
moist_duff=150.000000
