Phase, CO2, CO, CH4, PM25, PM10, NOx, SO2, NH3, VOC, Total
Flame, 17.352231, 0.755222, 0.040180, 0.076574, 0.090357, 0.025455, 0.010308, 0.012689, 0.182410, 18.545427
Smold, 6.498688, 0.980205, 0.046034, 0.077588, 0.091554, 0.004236, 0.004572, 0.015910, 0.228709, 7.947495
Resid, 4.483472, 0.676248, 0.031759, 0.053528, 0.063163, 0.002922, 0.003154, 0.010977, 0.157787, 5.483010
Total, 28.334390, 2.411675, 0.117973, 0.207690, 0.245074, 0.032613, 0.018034, 0.039576, 0.568907, 31.975933
