cons_flm=2.700531
cons_sts=0.216459
cons_lts=0.018105
cons_duff=0.000000
moist_duff=40.000000
