Phase, CO2, CO, CH4, PM25, PM10, NOx, SO2, NH3, VOC, Total
Flame, 6.293175, 0.273898, 0.014572, 0.027771, 0.032770, 0.009232, 0.003738, 0.004602, 0.066155, 6.725914
Smold, 1.318958, 0.198940, 0.009343, 0.015747, 0.018582, 0.000860, 0.000928, 0.003229, 0.046418, 1.613005
Resid, 1.296633, 0.195573, 0.009185, 0.015481, 0.018267, 0.000845, 0.000912, 0.003174, 0.045633, 1.585702
Total, 8.908766, 0.668411, 0.033100, 0.058999, 0.069619, 0.010936, 0.005578, 0.011006, 0.158206, 9.924622
