cons_flm=3.024156
cons_sts=0.237978
cons_lts=0.032720
cons_duff=0.000000
moist_duff=40.000000
