cons_flm=6.911716
cons_sts=0.873915
cons_lts=0.589415
cons_duff=0.000000
moist_duff=150.000000
