Phase, CO2, CO, CH4, PM25, PM10, NOx, SO2, NH3, VOC, Total
Flame, 4.301779, 0.187227, 0.009961, 0.018983, 0.022400, 0.006310, 0.002555, 0.003146, 0.045221, 4.597584
Smold, 1.780340, 0.268531, 0.012611, 0.021255, 0.025081, 0.001160, 0.001252, 0.004359, 0.062656, 2.177246
Resid, 2.242654, 0.338262, 0.015886, 0.026775, 0.031595, 0.001462, 0.001578, 0.005491, 0.078926, 2.742628
Total, 8.324773, 0.794020, 0.038458, 0.067014, 0.079077, 0.008933, 0.005386, 0.012995, 0.186803, 9.517457
