Phase, CO2, CO, CH4, PM25, PM10, NOx, SO2, NH3, VOC, Total
Flame, 8.476837, 0.368938, 0.019629, 0.037408, 0.044141, 0.012435, 0.005036, 0.006199, 0.089110, 9.059732
Smold, 2.633198, 0.397169, 0.018652, 0.031438, 0.037097, 0.001716, 0.001852, 0.006447, 0.092670, 3.220240
Resid, 1.835271, 0.276816, 0.013000, 0.021911, 0.025855, 0.001196, 0.001291, 0.004493, 0.064589, 2.244424
Total, 12.945307, 1.042923, 0.051282, 0.090757, 0.107093, 0.015347, 0.008179, 0.017139, 0.246370, 14.524396
