cons_flm=5.705221
cons_sts=1.385481
cons_lts=0.675003
cons_duff=0.000000
moist_duff=150.000000
