cons_flm=3.625479
cons_sts=0.204278
cons_lts=0.000000
cons_duff=0.000000
moist_duff=150.000000
