cons_flm=1.023379
cons_sts=0.343740
cons_lts=0.082503
cons_duff=0.412513
moist_duff=150.000000
