Phase, CO2, CO, CH4, PM25, PM10, NOx, SO2, NH3, VOC, Total
Flame, 1.688268, 0.073479, 0.003909, 0.007450, 0.008791, 0.002477, 0.001003, 0.001235, 0.017747, 1.804359
Smold, 0.478857, 0.072227, 0.003392, 0.005717, 0.006746, 0.000312, 0.000337, 0.001172, 0.016852, 0.585613
Resid, 0.114933, 0.017336, 0.000814, 0.001372, 0.001619, 0.000075, 0.000081, 0.000281, 0.004045, 0.140556
Total, 2.282059, 0.163041, 0.008115, 0.014539, 0.017157, 0.002864, 0.001421, 0.002688, 0.038645, 2.530529
