cons_flm=0.931909
cons_sts=0.083241
cons_lts=0.012593
cons_duff=0.000000
moist_duff=150.000000
