cons_flm=2.681660
cons_sts=0.182819
cons_lts=0.000000
cons_duff=0.000000
moist_duff=40.000000
