cons_flm=2.690619
cons_sts=0.246738
cons_lts=0.048718
cons_duff=0.000000
moist_duff=150.000000
