cons_flm=0.391347
cons_sts=0.029224
cons_lts=0.000000
cons_duff=0.000000
moist_duff=40.000000
