cons_flm=9.602288
cons_sts=1.102691
cons_lts=0.230934
cons_duff=0.000000
moist_duff=40.000000
