cons_flm=6.958992
cons_sts=0.462087
cons_lts=0.008393
cons_duff=0.000000
moist_duff=150.000000
