Phase, CO2, CO, CH4, PM25, PM10, NOx, SO2, NH3, VOC, Total
Flame, 11.480249, 0.499656, 0.026583, 0.050661, 0.059781, 0.016841, 0.006820, 0.008395, 0.120683, 12.269669
Smold, 0.643724, 0.097094, 0.004560, 0.007685, 0.009069, 0.000420, 0.000453, 0.001576, 0.022655, 0.787235
Resid, 0.011692, 0.001764, 0.000083, 0.000140, 0.000165, 0.000008, 0.000008, 0.000029, 0.000411, 0.014299
Total, 12.135665, 0.598513, 0.031226, 0.058486, 0.069014, 0.017268, 0.007281, 0.010000, 0.143749, 13.071203
