cons_flm=0.608105
cons_sts=0.032006
cons_lts=0.000000
cons_duff=0.000000
moist_duff=40.000000
