cons_flm=6.073186
cons_sts=0.869067
cons_lts=0.439169
cons_duff=0.000306
moist_duff=150.000000
