Phase, CO2, CO, CH4, PM25, PM10, NOx, SO2, NH3, VOC, Total
Flame, 10.018935, 0.436055, 0.023200, 0.044213, 0.052171, 0.014697, 0.005952, 0.007327, 0.105321, 10.707870
Smold, 1.210680, 0.182608, 0.008576, 0.014454, 0.017056, 0.000789, 0.000852, 0.002964, 0.042608, 1.480587
Resid, 0.611798, 0.092278, 0.004334, 0.007304, 0.008619, 0.000399, 0.000430, 0.001498, 0.021531, 0.748191
Total, 11.841412, 0.710941, 0.036109, 0.065971, 0.077846, 0.015885, 0.007234, 0.011789, 0.169460, 12.936648
