cons_flm=1.996701
cons_sts=1.694763
cons_lts=3.140985
cons_duff=0.000002
moist_duff=150.000000
