Phase, CO2, CO, CH4, PM25, PM10, NOx, SO2, NH3, VOC, Total
Flame, 3.293958, 0.143363, 0.007627, 0.014536, 0.017152, 0.004832, 0.001957, 0.002409, 0.034627, 3.520461
Smold, 2.360940, 0.356104, 0.016724, 0.028187, 0.033261, 0.001539, 0.001661, 0.005780, 0.083089, 2.887285
Resid, 4.375643, 0.659984, 0.030995, 0.052241, 0.061644, 0.002852, 0.003078, 0.010713, 0.153992, 5.351143
Total, 10.030541, 1.159451, 0.055347, 0.094964, 0.112058, 0.009223, 0.006696, 0.018901, 0.271708, 11.758889
