Phase, CO2, CO, CH4, PM25, PM10, NOx, SO2, NH3, VOC, Total
Flame, 16.300755, 0.709459, 0.037746, 0.071934, 0.084882, 0.023912, 0.009683, 0.011920, 0.171357, 17.421649
Smold, 7.217722, 1.088658, 0.051127, 0.086172, 0.101684, 0.004704, 0.005078, 0.017671, 0.254014, 8.826829
Resid, 4.267082, 0.643609, 0.030226, 0.050945, 0.060115, 0.002781, 0.003002, 0.010447, 0.150172, 5.218379
Total, 27.785559, 2.441726, 0.119099, 0.209051, 0.246680, 0.031398, 0.017763, 0.040038, 0.575543, 31.466857
