cons_flm=2.279175
cons_sts=0.176810
cons_lts=0.031376
cons_duff=0.000000
moist_duff=150.000000
