cons_flm=1.156771
cons_sts=0.086350
cons_lts=0.010055
cons_duff=0.000000
moist_duff=150.000000
