Phase, CO2, CO, CH4, PM25, PM10, NOx, SO2, NH3, VOC, Total
Flame, 2.610797, 0.113630, 0.006045, 0.011521, 0.013595, 0.003830, 0.001551, 0.001909, 0.027445, 2.790324
Smold, 0.172568, 0.026029, 0.001222, 0.002060, 0.002431, 0.000112, 0.000121, 0.000422, 0.006073, 0.211040
Resid, 0.022898, 0.003454, 0.000162, 0.000273, 0.000323, 0.000015, 0.000016, 0.000056, 0.000806, 0.028003
Total, 2.806263, 0.143112, 0.007430, 0.013855, 0.016349, 0.003957, 0.001688, 0.002388, 0.034324, 3.029367
