Phase, CO2, CO, CH4, PM25, PM10, NOx, SO2, NH3, VOC, Total
Flame, 5.050735, 0.219823, 0.011695, 0.022289, 0.026300, 0.007409, 0.003000, 0.003694, 0.053094, 5.398040
Smold, 2.366316, 0.356914, 0.016762, 0.028251, 0.033337, 0.001542, 0.001665, 0.005793, 0.083278, 2.893859
Resid, 2.438045, 0.367733, 0.017270, 0.029108, 0.034347, 0.001589, 0.001715, 0.005969, 0.085802, 2.981579
Total, 9.855096, 0.944471, 0.045727, 0.079648, 0.093984, 0.010541, 0.006380, 0.015456, 0.222175, 11.273478
