cons_flm=1.765781
cons_sts=0.337663
cons_lts=0.294405
cons_duff=0.000000
moist_duff=150.000000
