Phase, CO2, CO, CH4, PM25, PM10, NOx, SO2, NH3, VOC, Total
Flame, 2.913009, 0.126783, 0.006745, 0.012855, 0.015169, 0.004273, 0.001730, 0.002130, 0.030622, 3.113317
Smold, 0.470392, 0.070950, 0.003332, 0.005616, 0.006627, 0.000307, 0.000331, 0.001152, 0.016555, 0.575260
Resid, 0.410130, 0.061860, 0.002905, 0.004897, 0.005778, 0.000267, 0.000289, 0.001004, 0.014434, 0.501563
Total, 3.793530, 0.259593, 0.012983, 0.023367, 0.027574, 0.004847, 0.002350, 0.004286, 0.061610, 4.190140
