cons_flm=2.550769
cons_sts=0.571203
cons_lts=0.249293
cons_duff=0.000000
moist_duff=150.000000
