cons_flm=1.666828
cons_sts=0.092463
cons_lts=0.000000
cons_duff=0.000000
moist_duff=40.000000
