Phase, CO2, CO, CH4, PM25, PM10, NOx, SO2, NH3, VOC, Total
Flame, 3.791306, 0.165009, 0.008779, 0.016731, 0.019742, 0.005562, 0.002252, 0.002773, 0.039855, 4.052009
Smold, 0.235556, 0.035529, 0.001669, 0.002812, 0.003319, 0.000154, 0.000166, 0.000577, 0.008290, 0.288070
Resid, 0.017501, 0.002640, 0.000124, 0.000209, 0.000247, 0.000011, 0.000012, 0.000043, 0.000616, 0.021403
Total, 4.044363, 0.203178, 0.010572, 0.019752, 0.023307, 0.005727, 0.002430, 0.003392, 0.048761, 4.361482
