cons_flm=1.818952
cons_sts=0.130523
cons_lts=0.010055
cons_duff=0.000000
moist_duff=40.000000
