cons_flm=0.611733
cons_sts=0.044538
cons_lts=0.000000
cons_duff=0.000000
moist_duff=150.000000
