Phase, CO2, CO, CH4, PM25, PM10, NOx, SO2, NH3, VOC, Total
Flame, 17.256322, 0.751048, 0.039958, 0.076151, 0.089858, 0.025314, 0.010251, 0.012619, 0.181402, 18.442924
Smold, 1.005191, 0.151614, 0.007120, 0.012001, 0.014161, 0.000655, 0.000707, 0.002461, 0.035376, 1.229287
Resid, 0.013659, 0.002060, 0.000097, 0.000163, 0.000192, 0.000009, 0.000010, 0.000033, 0.000481, 0.016704
Total, 18.275172, 0.904722, 0.047175, 0.088315, 0.104212, 0.025978, 0.010968, 0.015114, 0.217259, 19.688915
