cons_flm=4.905624
cons_sts=0.344441
cons_lts=0.003922
cons_duff=0.000000
moist_duff=40.000000
