Phase, CO2, CO, CH4, PM25, PM10, NOx, SO2, NH3, VOC, Total
Flame, 11.657252, 0.507359, 0.026993, 0.051443, 0.060702, 0.017100, 0.006925, 0.008525, 0.122544, 12.458843
Smold, 3.792759, 0.572067, 0.026866, 0.045282, 0.053433, 0.002472, 0.002668, 0.009285, 0.133479, 4.638311
Resid, 1.775148, 0.267748, 0.012574, 0.021194, 0.025008, 0.001157, 0.001249, 0.004346, 0.062473, 2.170896
Total, 17.225159, 1.347174, 0.066434, 0.117918, 0.139143, 0.020730, 0.010842, 0.022156, 0.318495, 19.268050
