Phase, CO2, CO, CH4, PM25, PM10, NOx, SO2, NH3, VOC, Total
Flame, 3.342510, 0.145476, 0.007740, 0.014750, 0.017405, 0.004903, 0.001986, 0.002444, 0.035137, 3.572352
Smold, 2.018127, 0.304397, 0.014296, 0.024094, 0.028431, 0.001315, 0.001420, 0.004941, 0.071024, 2.468045
Resid, 3.090627, 0.466163, 0.021893, 0.036899, 0.043541, 0.002014, 0.002174, 0.007567, 0.108769, 3.779647
Total, 8.451264, 0.916036, 0.043928, 0.075744, 0.089378, 0.008233, 0.005580, 0.014952, 0.214930, 9.820044
