Phase, CO2, CO, CH4, PM25, PM10, NOx, SO2, NH3, VOC, Total
Flame, 7.533914, 0.327899, 0.017445, 0.033247, 0.039231, 0.011052, 0.004476, 0.005509, 0.079198, 8.051971
Smold, 1.288531, 0.194351, 0.009127, 0.015384, 0.018153, 0.000840, 0.000906, 0.003155, 0.045347, 1.575794
Resid, 0.397561, 0.059965, 0.002816, 0.004746, 0.005601, 0.000259, 0.000280, 0.000973, 0.013991, 0.486193
Total, 9.220006, 0.582214, 0.029389, 0.053377, 0.062985, 0.012151, 0.005662, 0.009637, 0.138537, 10.113958
