Phase, CO2, CO, CH4, PM25, PM10, NOx, SO2, NH3, VOC, Total
Flame, 16.096047, 0.700549, 0.037272, 0.071031, 0.083816, 0.023612, 0.009562, 0.011771, 0.169205, 17.202864
Smold, 9.579058, 1.444821, 0.067854, 0.114364, 0.134950, 0.006244, 0.006739, 0.023452, 0.337117, 11.714598
Resid, 10.718164, 1.616634, 0.075923, 0.127964, 0.150998, 0.006986, 0.007540, 0.026240, 0.377205, 13.107655
Total, 36.393269, 3.762005, 0.181049, 0.313359, 0.369764, 0.036841, 0.023840, 0.061463, 0.883527, 42.025117
