Phase, CO2, CO, CH4, PM25, PM10, NOx, SO2, NH3, VOC, Total
Flame, 19.213454, 0.836228, 0.044490, 0.084788, 0.100049, 0.028185, 0.011414, 0.014051, 0.201976, 20.534634
Smold, 1.139914, 0.171935, 0.008075, 0.013609, 0.016059, 0.000743, 0.000802, 0.002791, 0.040117, 1.394045
Resid, 0.036907, 0.005567, 0.000261, 0.000441, 0.000520, 0.000024, 0.000026, 0.000090, 0.001299, 0.045135
Total, 20.390275, 1.013730, 0.052826, 0.098838, 0.116628, 0.028952, 0.012242, 0.016932, 0.243392, 21.973814
