Phase, CO2, CO, CH4, PM25, PM10, NOx, SO2, NH3, VOC, Total
Flame, 8.465408, 0.368440, 0.019602, 0.037357, 0.044081, 0.012418, 0.005029, 0.006191, 0.088990, 9.047517
Smold, 1.341267, 0.202305, 0.009501, 0.016013, 0.018896, 0.000874, 0.000944, 0.003284, 0.047203, 1.640287
Resid, 0.709781, 0.107057, 0.005028, 0.008474, 0.009999, 0.000463, 0.000499, 0.001738, 0.024979, 0.868019
Total, 10.516456, 0.677803, 0.034131, 0.061845, 0.072977, 0.013755, 0.006472, 0.011212, 0.161173, 11.555823
