cons_flm=3.774205
cons_sts=0.870207
cons_lts=0.619965
cons_duff=0.000000
moist_duff=150.000000
