Phase, CO2, CO, CH4, PM25, PM10, NOx, SO2, NH3, VOC, Total
Flame, 11.050164, 0.480937, 0.025587, 0.048764, 0.057541, 0.016210, 0.006564, 0.008081, 0.116162, 11.810010
Smold, 14.421218, 2.175170, 0.102154, 0.172175, 0.203167, 0.009400, 0.010145, 0.035306, 0.507527, 17.636263
Resid, 7.470152, 1.126732, 0.052915, 0.089186, 0.105240, 0.004869, 0.005255, 0.018289, 0.262898, 9.135536
Total, 32.941534, 3.782840, 0.180657, 0.310125, 0.365947, 0.030478, 0.021964, 0.061676, 0.886587, 38.581809
