cons_flm=9.248828
cons_sts=3.573126
cons_lts=2.533959
cons_duff=0.000000
moist_duff=40.000000
