Phase, CO2, CO, CH4, PM25, PM10, NOx, SO2, NH3, VOC, Total
Flame, 19.058004, 0.829463, 0.044130, 0.084102, 0.099240, 0.027957, 0.011321, 0.013937, 0.200342, 20.368495
Smold, 18.433697, 2.780378, 0.130577, 0.220080, 0.259695, 0.012015, 0.012968, 0.045130, 0.648739, 22.543277
Resid, 20.910570, 3.153967, 0.148122, 0.249652, 0.294589, 0.013629, 0.014710, 0.051194, 0.735908, 25.572340
Total, 58.402271, 6.763808, 0.322829, 0.553833, 0.653523, 0.053601, 0.038999, 0.110260, 1.584988, 68.484112
