cons_flm=5.459120
cons_sts=63.680480
cons_lts=234.720000
cons_duff=298.800000
moist_duff=40.000000
