Phase, CO2, CO, CH4, PM25, PM10, NOx, SO2, NH3, VOC, Total
Flame, 3.550829, 0.154543, 0.008222, 0.015670, 0.018490, 0.005209, 0.002109, 0.002597, 0.037327, 3.794996
Smold, 0.240540, 0.036281, 0.001704, 0.002872, 0.003389, 0.000157, 0.000169, 0.000589, 0.008465, 0.294166
Resid, 0.043709, 0.006593, 0.000310, 0.000522, 0.000616, 0.000028, 0.000031, 0.000107, 0.001538, 0.053454
Total, 3.835079, 0.197417, 0.010236, 0.019063, 0.022495, 0.005394, 0.002309, 0.003293, 0.047331, 4.142616
