cons_flm=8.058233
cons_sts=2.937422
cons_lts=1.712586
cons_duff=0.000000
moist_duff=150.000000
