cons_flm=1.244032
cons_sts=0.065754
cons_lts=0.000000
cons_duff=0.000000
moist_duff=40.000000
