Phase, CO2, CO, CH4, PM25, PM10, NOx, SO2, NH3, VOC, Total
Flame, 5.810822, 0.252905, 0.013455, 0.025643, 0.030258, 0.008524, 0.003452, 0.004249, 0.061085, 6.210394
Smold, 0.553521, 0.083488, 0.003921, 0.006608, 0.007798, 0.000361, 0.000389, 0.001355, 0.019480, 0.676922
Resid, 0.278518, 0.042009, 0.001973, 0.003325, 0.003924, 0.000182, 0.000196, 0.000682, 0.009802, 0.340611
Total, 6.642862, 0.378402, 0.019349, 0.035576, 0.041980, 0.009066, 0.004037, 0.006286, 0.090367, 7.227927
