cons_flm=1.255847
cons_sts=0.068817
cons_lts=0.000000
cons_duff=0.000000
moist_duff=150.000000
