cons_flm=0.869433
cons_sts=0.046464
cons_lts=0.000000
cons_duff=0.000000
moist_duff=150.000000
