Phase, CO2, CO, CH4, PM25, PM10, NOx, SO2, NH3, VOC, Total
Flame, 3.207566, 0.139603, 0.007427, 0.014155, 0.016703, 0.004705, 0.001905, 0.002346, 0.033719, 3.428129
Smold, 0.652090, 0.098355, 0.004619, 0.007785, 0.009187, 0.000425, 0.000459, 0.001596, 0.022949, 0.797465
Resid, 0.677703, 0.102219, 0.004801, 0.008091, 0.009548, 0.000442, 0.000477, 0.001659, 0.023850, 0.828789
Total, 4.537359, 0.340177, 0.016847, 0.030031, 0.035437, 0.005572, 0.002841, 0.005601, 0.080518, 5.054383
