cons_flm=9.247047
cons_sts=15.202610
cons_lts=20.915060
cons_duff=32.565278
moist_duff=150.000000
