Phase, CO2, CO, CH4, PM25, PM10, NOx, SO2, NH3, VOC, Total
Flame, 12.665583, 0.551245, 0.029328, 0.055892, 0.065953, 0.018580, 0.007524, 0.009262, 0.133143, 13.536510
Smold, 1.602365, 0.241687, 0.011350, 0.019131, 0.022574, 0.001044, 0.001127, 0.003923, 0.056392, 1.959594
Resid, 0.590582, 0.089078, 0.004183, 0.007051, 0.008320, 0.000385, 0.000415, 0.001446, 0.020784, 0.722246
Total, 14.858531, 0.882010, 0.044862, 0.082074, 0.096847, 0.020009, 0.009067, 0.014631, 0.210320, 16.218350
