Phase, CO2, CO, CH4, PM25, PM10, NOx, SO2, NH3, VOC, Total
Flame, 3.740545, 0.162800, 0.008662, 0.016507, 0.019478, 0.005487, 0.002222, 0.002735, 0.039321, 3.997757
Smold, 0.674582, 0.101748, 0.004778, 0.008054, 0.009504, 0.000440, 0.000475, 0.001652, 0.023741, 0.824973
Resid, 0.200162, 0.030191, 0.001418, 0.002390, 0.002820, 0.000130, 0.000141, 0.000490, 0.007044, 0.244786
Total, 4.615289, 0.294739, 0.014858, 0.026950, 0.031801, 0.006057, 0.002837, 0.004877, 0.070106, 5.067515
