cons_flm=3.690513
cons_sts=0.199553
cons_lts=0.000000
cons_duff=0.000000
moist_duff=150.000000
