cons_flm=13.042036
cons_sts=0.831062
cons_lts=0.000000
cons_duff=0.000000
moist_duff=40.000000
