cons_flm=4.065853
cons_sts=0.586785
cons_lts=0.243490
cons_duff=0.000000
moist_duff=150.000000
