Phase, CO2, CO, CH4, PM25, PM10, NOx, SO2, NH3, VOC, Total
Flame, 11.848469, 0.515682, 0.027436, 0.052286, 0.061698, 0.017381, 0.007039, 0.008665, 0.124554, 12.663208
Smold, 4.627083, 0.697909, 0.032776, 0.055243, 0.065187, 0.003016, 0.003255, 0.011328, 0.162841, 5.658638
Resid, 5.528813, 0.833918, 0.039164, 0.066009, 0.077890, 0.003604, 0.003889, 0.013536, 0.194576, 6.761398
Total, 22.004365, 2.047508, 0.099376, 0.173538, 0.204775, 0.024000, 0.014183, 0.033528, 0.481971, 25.083244
