cons_flm=1.264879
cons_sts=0.106604
cons_lts=0.003922
cons_duff=0.000000
moist_duff=150.000000
