Phase, CO2, CO, CH4, PM25, PM10, NOx, SO2, NH3, VOC, Total
Flame, 7.399639, 0.322055, 0.017134, 0.032654, 0.038532, 0.010855, 0.004396, 0.005411, 0.077787, 7.908462
Smold, 0.599692, 0.090452, 0.004248, 0.007160, 0.008448, 0.000391, 0.000422, 0.001468, 0.021105, 0.733386
Resid, 0.463820, 0.069959, 0.003286, 0.005538, 0.006534, 0.000302, 0.000326, 0.001136, 0.016323, 0.567224
Total, 8.463151, 0.482466, 0.024668, 0.045351, 0.053515, 0.011548, 0.005144, 0.008015, 0.115215, 9.209072
