Phase, CO2, CO, CH4, PM25, PM10, NOx, SO2, NH3, VOC, Total
Flame, 6.344962, 0.276152, 0.014692, 0.028000, 0.033040, 0.009308, 0.003769, 0.004640, 0.066700, 6.781263
Smold, 2.528747, 0.381414, 0.017913, 0.030191, 0.035625, 0.001648, 0.001779, 0.006191, 0.088994, 3.092502
Resid, 1.827384, 0.275627, 0.012944, 0.021817, 0.025744, 0.001191, 0.001286, 0.004474, 0.064311, 2.234778
Total, 10.701093, 0.933193, 0.045549, 0.080008, 0.094409, 0.012147, 0.006834, 0.015305, 0.220005, 12.108542
