cons_flm=5.343813
cons_sts=0.565995
cons_lts=0.191799
cons_duff=0.000000
moist_duff=40.000000
