cons_flm=2.187688
cons_sts=0.186992
cons_lts=0.017038
cons_duff=0.000000
moist_duff=40.000000
