cons_flm=1.224001
cons_sts=0.064421
cons_lts=0.000000
cons_duff=0.000000
moist_duff=40.000000
