Phase, CO2, CO, CH4, PM25, PM10, NOx, SO2, NH3, VOC, Total
Flame, 2.745442, 0.119490, 0.006357, 0.012115, 0.014296, 0.004027, 0.001631, 0.002008, 0.028861, 2.934228
Smold, 1.342986, 0.202564, 0.009513, 0.016034, 0.018920, 0.000875, 0.000945, 0.003288, 0.047264, 1.642390
Resid, 2.010270, 0.303212, 0.014240, 0.024001, 0.028321, 0.001310, 0.001414, 0.004922, 0.070748, 2.458437
Total, 6.098699, 0.625266, 0.030110, 0.052150, 0.061537, 0.006213, 0.003990, 0.010217, 0.146872, 7.035054
