Phase, CO2, CO, CH4, PM25, PM10, NOx, SO2, NH3, VOC, Total
Flame, 6.707438, 0.291928, 0.015532, 0.029599, 0.034927, 0.009839, 0.003985, 0.004905, 0.070510, 7.168663
Smold, 0.817438, 0.123295, 0.005790, 0.009759, 0.011516, 0.000533, 0.000575, 0.002001, 0.028768, 0.999677
Resid, 0.339201, 0.051162, 0.002403, 0.004050, 0.004779, 0.000221, 0.000239, 0.000830, 0.011938, 0.414822
Total, 7.864077, 0.466386, 0.023725, 0.043409, 0.051222, 0.010593, 0.004798, 0.007737, 0.111216, 8.583162
