cons_flm=0.097858
cons_sts=0.005150
cons_lts=0.000000
cons_duff=0.000000
moist_duff=40.000000
