Phase, CO2, CO, CH4, PM25, PM10, NOx, SO2, NH3, VOC, Total
Flame, 15.687906, 0.682786, 0.036326, 0.069230, 0.081691, 0.023013, 0.009319, 0.011472, 0.164915, 16.766658
Smold, 11.994702, 1.809176, 0.084965, 0.143205, 0.168982, 0.007818, 0.008438, 0.029366, 0.422131, 14.668782
Resid, 12.215137, 1.842424, 0.086527, 0.145837, 0.172087, 0.007962, 0.008593, 0.029905, 0.429889, 14.938361
Total, 39.897745, 4.334386, 0.207819, 0.358271, 0.422760, 0.038793, 0.026350, 0.070743, 1.016934, 46.373801
