Phase, CO2, CO, CH4, PM25, PM10, NOx, SO2, NH3, VOC, Total
Flame, 20.632443, 0.897987, 0.047776, 0.091049, 0.107438, 0.030266, 0.012257, 0.015088, 0.216893, 22.051198
Smold, 21.755871, 3.281465, 0.154110, 0.259744, 0.306497, 0.014180, 0.015305, 0.053263, 0.765656, 26.606092
Resid, 51.861507, 7.822336, 0.367365, 0.619175, 0.730627, 0.033803, 0.036483, 0.126968, 1.825167, 63.423432
Total, 94.249821, 12.001788, 0.569251, 0.969968, 1.144562, 0.078250, 0.064045, 0.195319, 2.807716, 112.080721
