cons_flm=1.534498
cons_sts=0.090640
cons_lts=0.000000
cons_duff=0.000000
moist_duff=150.000000
