cons_flm=4.404836
cons_sts=0.854211
cons_lts=0.521567
cons_duff=0.000000
moist_duff=40.000000
