cons_flm=2.754794
cons_sts=0.179503
cons_lts=0.007849
cons_duff=0.000010
moist_duff=150.000000
