Phase, CO2, CO, CH4, PM25, PM10, NOx, SO2, NH3, VOC, Total
Flame, 4.544584, 0.197794, 0.010523, 0.020055, 0.023665, 0.006667, 0.002700, 0.003323, 0.047774, 4.857084
Smold, 0.250062, 0.037717, 0.001771, 0.002985, 0.003523, 0.000163, 0.000176, 0.000612, 0.008800, 0.305810
Resid, 0.010934, 0.001649, 0.000077, 0.000131, 0.000154, 0.000007, 0.000008, 0.000027, 0.000385, 0.013372
Total, 4.805580, 0.237161, 0.012372, 0.023171, 0.027342, 0.006837, 0.002883, 0.003962, 0.056959, 5.176267
