Phase, CO2, CO, CH4, PM25, PM10, NOx, SO2, NH3, VOC, Total
Flame, 41.144031, 1.790714, 0.095272, 0.181565, 0.214247, 0.060356, 0.024442, 0.030088, 0.432515, 43.973230
Smold, 163.135614, 24.605949, 1.155585, 1.947678, 2.298260, 0.106331, 0.114762, 0.399391, 5.741248, 199.504817
Resid, 307.791047, 46.424509, 2.180264, 3.674721, 4.336171, 0.200616, 0.216524, 0.753539, 10.832120, 376.409512
Total, 512.070692, 72.821172, 3.431121, 5.803965, 6.848679, 0.367302, 0.355728, 1.183018, 17.005883, 619.887559
