Phase, CO2, CO, CH4, PM25, PM10, NOx, SO2, NH3, VOC, Total
Flame, 4.668357, 0.203181, 0.010810, 0.020601, 0.024309, 0.006848, 0.002773, 0.003414, 0.049075, 4.989369
Smold, 0.856174, 0.129138, 0.006065, 0.010222, 0.012062, 0.000558, 0.000602, 0.002096, 0.030131, 1.047049
Resid, 0.269757, 0.040688, 0.001911, 0.003221, 0.003800, 0.000176, 0.000190, 0.000660, 0.009494, 0.329897
Total, 5.794289, 0.373007, 0.018786, 0.034044, 0.040171, 0.007582, 0.003565, 0.006170, 0.088700, 6.366314
