cons_flm=8.034894
cons_sts=0.504547
cons_lts=0.000000
cons_duff=0.000000
moist_duff=150.000000
