Phase, CO2, CO, CH4, PM25, PM10, NOx, SO2, NH3, VOC, Total
Flame, 9.320135, 0.405641, 0.021581, 0.041129, 0.048532, 0.013672, 0.005537, 0.006816, 0.097975, 9.961018
Smold, 1.302945, 0.196525, 0.009230, 0.015556, 0.018356, 0.000849, 0.000917, 0.003190, 0.045855, 1.593421
Resid, 0.333314, 0.050274, 0.002361, 0.003979, 0.004696, 0.000217, 0.000234, 0.000816, 0.011730, 0.407622
Total, 10.956394, 0.652440, 0.033172, 0.060664, 0.071584, 0.014739, 0.006688, 0.010822, 0.155560, 11.962062
