cons_flm=1.346907
cons_sts=0.153366
cons_lts=0.029934
cons_duff=0.000000
moist_duff=150.000000
