Phase, CO2, CO, CH4, PM25, PM10, NOx, SO2, NH3, VOC, Total
Flame, 12.375668, 0.538627, 0.028657, 0.054613, 0.064443, 0.018154, 0.007352, 0.009050, 0.130096, 13.226660
Smold, 4.511363, 0.680454, 0.031957, 0.053861, 0.063556, 0.002940, 0.003174, 0.011045, 0.158769, 5.517119
Resid, 3.577279, 0.539565, 0.025340, 0.042709, 0.050397, 0.002332, 0.002517, 0.008758, 0.125896, 4.374792
Total, 20.464310, 1.758647, 0.085953, 0.151183, 0.178396, 0.023426, 0.013042, 0.028853, 0.414760, 23.118571
