Phase, CO2, CO, CH4, PM25, PM10, NOx, SO2, NH3, VOC, Total
Flame, 3.979471, 0.173199, 0.009215, 0.017561, 0.020722, 0.005838, 0.002364, 0.002910, 0.041833, 4.253112
Smold, 0.719217, 0.108480, 0.005095, 0.008587, 0.010132, 0.000469, 0.000506, 0.001761, 0.025311, 0.879558
Resid, 0.215518, 0.032507, 0.001527, 0.002573, 0.003036, 0.000140, 0.000152, 0.000528, 0.007585, 0.263565
Total, 4.914205, 0.314186, 0.015836, 0.028721, 0.033891, 0.006447, 0.003022, 0.005199, 0.074729, 5.396235
