cons_flm=1.771756
cons_sts=0.093250
cons_lts=0.000000
cons_duff=0.000000
moist_duff=40.000000
