cons_flm=2.188713
cons_sts=0.353211
cons_lts=0.251140
cons_duff=0.000000
moist_duff=150.000000
