Phase, CO2, CO, CH4, PM25, PM10, NOx, SO2, NH3, VOC, Total
Flame, 3.438854, 0.149669, 0.007963, 0.015175, 0.017907, 0.005045, 0.002043, 0.002515, 0.036150, 3.675321
Smold, 0.943410, 0.142296, 0.006683, 0.011263, 0.013291, 0.000615, 0.000664, 0.002310, 0.033202, 1.153733
Resid, 0.715930, 0.107985, 0.005071, 0.008548, 0.010086, 0.000467, 0.000504, 0.001753, 0.025196, 0.875539
Total, 5.098195, 0.399950, 0.019717, 0.034986, 0.041284, 0.006126, 0.003210, 0.006577, 0.094547, 5.704593
