Phase, CO2, CO, CH4, PM25, PM10, NOx, SO2, NH3, VOC, Total
Flame, 1.400307, 0.060946, 0.003243, 0.006179, 0.007292, 0.002054, 0.000832, 0.001024, 0.014720, 1.496596
Smold, 0.087042, 0.013129, 0.000617, 0.001039, 0.001226, 0.000057, 0.000061, 0.000213, 0.003063, 0.106448
Resid, 0.010239, 0.001544, 0.000073, 0.000122, 0.000144, 0.000007, 0.000007, 0.000025, 0.000360, 0.012522
Total, 1.497588, 0.075619, 0.003932, 0.007341, 0.008662, 0.002118, 0.000900, 0.001262, 0.018144, 1.615566
