cons_flm=0.620784
cons_sts=0.045543
cons_lts=0.000000
cons_duff=0.000000
moist_duff=40.000000
