cons_flm=3.065887
cons_sts=0.275273
cons_lts=0.050729
cons_duff=0.000000
moist_duff=40.000000
