cons_flm=0.576857
cons_sts=0.030361
cons_lts=0.000000
cons_duff=0.000000
moist_duff=150.000000
