cons_flm=5.867438
cons_sts=1.901080
cons_lts=1.861222
cons_duff=0.001061
moist_duff=150.000000
