Phase, CO2, CO, CH4, PM25, PM10, NOx, SO2, NH3, VOC, Total
Flame, 9.679512, 0.421282, 0.022414, 0.042715, 0.050404, 0.014199, 0.005750, 0.007078, 0.101753, 10.345108
Smold, 2.648357, 0.399455, 0.018760, 0.031619, 0.037310, 0.001726, 0.001863, 0.006484, 0.093204, 3.238777
Resid, 2.592831, 0.391080, 0.018367, 0.030956, 0.036528, 0.001690, 0.001824, 0.006348, 0.091250, 3.170873
Total, 14.920700, 1.211817, 0.059540, 0.105290, 0.124242, 0.017615, 0.009437, 0.019910, 0.286207, 16.754758
