cons_flm=19.734521
cons_sts=2.082046
cons_lts=0.843901
cons_duff=0.000000
moist_duff=40.000000
