Phase, CO2, CO, CH4, PM25, PM10, NOx, SO2, NH3, VOC, Total
Flame, 8.124937, 0.353622, 0.018814, 0.035855, 0.042309, 0.011919, 0.004827, 0.005942, 0.085411, 8.683635
Smold, 2.359166, 0.355836, 0.016711, 0.028166, 0.033236, 0.001538, 0.001660, 0.005776, 0.083026, 2.885114
Resid, 1.272404, 0.191918, 0.009013, 0.015191, 0.017926, 0.000829, 0.000895, 0.003115, 0.044780, 1.556072
Total, 11.756508, 0.901376, 0.044538, 0.079212, 0.093470, 0.014286, 0.007381, 0.014833, 0.213217, 13.124822
