Phase, CO2, CO, CH4, PM25, PM10, NOx, SO2, NH3, VOC, Total
Flame, 16.342473, 0.711274, 0.037842, 0.072118, 0.085099, 0.023973, 0.009708, 0.011951, 0.171796, 17.466235
Smold, 14.094495, 2.125890, 0.099840, 0.168274, 0.198564, 0.009187, 0.009915, 0.034506, 0.496029, 17.236700
Resid, 18.693770, 2.819605, 0.132419, 0.223185, 0.263358, 0.012184, 0.013151, 0.045766, 0.657892, 22.861330
Total, 49.130738, 5.656770, 0.270101, 0.463578, 0.547022, 0.045344, 0.032774, 0.092224, 1.325716, 57.564265
