cons_flm=1.527956
cons_sts=0.148834
cons_lts=0.013116
cons_duff=0.000000
moist_duff=40.000000
