Phase, CO2, CO, CH4, PM25, PM10, NOx, SO2, NH3, VOC, Total
Flame, 6.189208, 0.269373, 0.014332, 0.027312, 0.032229, 0.009079, 0.003677, 0.004526, 0.065062, 6.614798
Smold, 1.652834, 0.249299, 0.011708, 0.019733, 0.023285, 0.001077, 0.001163, 0.004046, 0.058168, 2.021314
Resid, 1.159494, 0.174888, 0.008213, 0.013843, 0.016335, 0.000756, 0.000816, 0.002839, 0.040806, 1.417990
Total, 9.001535, 0.693560, 0.034253, 0.060889, 0.071849, 0.010912, 0.005655, 0.011411, 0.164037, 10.054101
