cons_flm=1.572693
cons_sts=0.347521
cons_lts=0.331793
cons_duff=0.000000
moist_duff=150.000000
