cons_flm=3.407957
cons_sts=1.165016
cons_lts=0.832324
cons_duff=0.000000
moist_duff=150.000000
