cons_flm=1.194633
cons_sts=0.062875
cons_lts=0.000000
cons_duff=0.000000
moist_duff=150.000000
