Phase, CO2, CO, CH4, PM25, PM10, NOx, SO2, NH3, VOC, Total
Flame, 3.610720, 0.157150, 0.008361, 0.015934, 0.018802, 0.005297, 0.002145, 0.002640, 0.037957, 3.859005
Smold, 0.492051, 0.074217, 0.003485, 0.005875, 0.006932, 0.000321, 0.000346, 0.001205, 0.017317, 0.601748
Resid, 0.349858, 0.052770, 0.002478, 0.004177, 0.004929, 0.000228, 0.000246, 0.000857, 0.012313, 0.427855
Total, 4.452629, 0.284136, 0.014325, 0.025985, 0.030663, 0.005845, 0.002737, 0.004702, 0.067586, 4.888608
