cons_flm=2.152409
cons_sts=0.172668
cons_lts=0.031376
cons_duff=0.000000
moist_duff=150.000000
