cons_flm=12.529703
cons_sts=0.989675
cons_lts=0.019283
cons_duff=0.000000
moist_duff=40.000000
