cons_flm=2.035851
cons_sts=0.118009
cons_lts=0.000000
cons_duff=0.000000
moist_duff=150.000000
