Phase, CO2, CO, CH4, PM25, PM10, NOx, SO2, NH3, VOC, Total
Flame, 20.291155, 0.883133, 0.046986, 0.089543, 0.105661, 0.029766, 0.012054, 0.014839, 0.213305, 21.686442
Smold, 10.361169, 1.562788, 0.073394, 0.123702, 0.145969, 0.006753, 0.007289, 0.025366, 0.364642, 12.671072
Resid, 12.349951, 1.862759, 0.087482, 0.147446, 0.173987, 0.008050, 0.008688, 0.030235, 0.434633, 15.103230
Total, 43.002275, 4.308680, 0.207862, 0.360692, 0.425616, 0.044569, 0.028031, 0.070440, 1.012580, 49.460744
