cons_flm=3.216734
cons_sts=0.558692
cons_lts=0.184783
cons_duff=0.000000
moist_duff=40.000000
