cons_flm=0.836304
cons_sts=0.068851
cons_lts=0.000000
cons_duff=0.000000
moist_duff=40.000000
