cons_flm=2.267409
cons_sts=0.484238
cons_lts=0.143683
cons_duff=0.000000
moist_duff=150.000000
