Phase, CO2, CO, CH4, PM25, PM10, NOx, SO2, NH3, VOC, Total
Flame, 11.667366, 0.507800, 0.027017, 0.051487, 0.060755, 0.017115, 0.006931, 0.008532, 0.122650, 12.469653
Smold, 3.619467, 0.545929, 0.025639, 0.043213, 0.050991, 0.002359, 0.002546, 0.008861, 0.127380, 4.426385
Resid, 1.953622, 0.294667, 0.013839, 0.023324, 0.027523, 0.001273, 0.001374, 0.004783, 0.068754, 2.389159
Total, 17.240455, 1.348396, 0.066494, 0.118024, 0.139269, 0.020748, 0.010852, 0.022176, 0.318784, 19.285198
