Phase, CO2, CO, CH4, PM25, PM10, NOx, SO2, NH3, VOC, Total
Flame, 9.005910, 0.391965, 0.020854, 0.039742, 0.046896, 0.013211, 0.005350, 0.006586, 0.094672, 9.625186
Smold, 88.712003, 13.380542, 0.628399, 1.059134, 1.249778, 0.057822, 0.062407, 0.217186, 3.122050, 108.489321
Resid, 326.983736, 49.319366, 2.316217, 3.903863, 4.606558, 0.213126, 0.230026, 0.800527, 11.507570, 399.880989
Total, 424.701650, 63.091873, 2.965470, 5.002739, 5.903232, 0.284159, 0.297782, 1.024299, 14.724293, 517.995497
