Phase, CO2, CO, CH4, PM25, PM10, NOx, SO2, NH3, VOC, Total
Flame, 5.622107, 0.244691, 0.013018, 0.024810, 0.029276, 0.008247, 0.003340, 0.004111, 0.059101, 6.008701
Smold, 1.622960, 0.244793, 0.011496, 0.019377, 0.022864, 0.001058, 0.001142, 0.003973, 0.057117, 1.984781
Resid, 1.159494, 0.174888, 0.008213, 0.013843, 0.016335, 0.000756, 0.000816, 0.002839, 0.040806, 1.417990
Total, 8.404561, 0.664372, 0.032728, 0.058030, 0.068475, 0.010061, 0.005297, 0.010923, 0.157024, 9.411472
