cons_flm=4.249694
cons_sts=2.094995
cons_lts=2.820992
cons_duff=0.000000
moist_duff=40.000000
