Phase, CO2, CO, CH4, PM25, PM10, NOx, SO2, NH3, VOC, Total
Flame, 19.246172, 0.837652, 0.044566, 0.084932, 0.100220, 0.028233, 0.011433, 0.014074, 0.202320, 20.569602
Smold, 25.898508, 3.906304, 0.183454, 0.309203, 0.364859, 0.016880, 0.018219, 0.063405, 0.911449, 31.672282
Resid, 87.797585, 13.242620, 0.621922, 1.048216, 1.236895, 0.057226, 0.061764, 0.214947, 3.089869, 107.371044
Total, 132.942266, 17.986576, 0.849942, 1.442351, 1.701974, 0.102339, 0.091416, 0.292427, 4.203638, 159.612928
