cons_flm=7.978708
cons_sts=2.399930
cons_lts=2.840092
cons_duff=0.000000
moist_duff=40.000000
