cons_flm=1.341466
cons_sts=0.111290
cons_lts=0.000000
cons_duff=0.000000
moist_duff=40.000000
