cons_flm=3.154442
cons_sts=1.786230
cons_lts=2.556496
cons_duff=0.000000
moist_duff=150.000000
