cons_flm=4.857437
cons_sts=0.562598
cons_lts=0.129973
cons_duff=0.000000
moist_duff=40.000000
