Phase, CO2, CO, CH4, PM25, PM10, NOx, SO2, NH3, VOC, Total
Flame, 10.316739, 0.449016, 0.023889, 0.045527, 0.053722, 0.015134, 0.006129, 0.007544, 0.108452, 11.026152
Smold, 7.558494, 1.140057, 0.053541, 0.090241, 0.106484, 0.004927, 0.005317, 0.018505, 0.266007, 9.243573
Resid, 10.622080, 1.602142, 0.075242, 0.126817, 0.149644, 0.006923, 0.007472, 0.026005, 0.373824, 12.990151
Total, 28.497313, 3.191215, 0.152673, 0.262585, 0.309850, 0.026984, 0.018918, 0.052054, 0.748282, 33.259876
