Phase, CO2, CO, CH4, PM25, PM10, NOx, SO2, NH3, VOC, Total
Flame, 8.242459, 0.358737, 0.019086, 0.036373, 0.042921, 0.012091, 0.004896, 0.006028, 0.086646, 8.809237
Smold, 1.480614, 0.223323, 0.010488, 0.017677, 0.020859, 0.000965, 0.001042, 0.003625, 0.052107, 1.810700
Resid, 0.946613, 0.142779, 0.006705, 0.011302, 0.013336, 0.000617, 0.000666, 0.002318, 0.033314, 1.157650
Total, 10.669686, 0.724839, 0.036279, 0.065352, 0.077115, 0.013673, 0.006604, 0.011970, 0.172068, 11.777587
