cons_flm=5.651473
cons_sts=2.599586
cons_lts=4.200480
cons_duff=0.000000
moist_duff=150.000000
