Phase, CO2, CO, CH4, PM25, PM10, NOx, SO2, NH3, VOC, Total
Flame, 13.532994, 0.588997, 0.031337, 0.059720, 0.070470, 0.019852, 0.008039, 0.009896, 0.142262, 14.463567
Smold, 5.847485, 0.881984, 0.041421, 0.069813, 0.082380, 0.003811, 0.004114, 0.014316, 0.205791, 7.151115
Resid, 4.749607, 0.716389, 0.033644, 0.056706, 0.066913, 0.003096, 0.003341, 0.011628, 0.167153, 5.808478
Total, 24.130087, 2.187370, 0.106402, 0.186239, 0.219762, 0.026759, 0.015494, 0.035840, 0.515206, 27.423159
