Phase, CO2, CO, CH4, PM25, PM10, NOx, SO2, NH3, VOC, Total
Flame, 31.397407, 1.366511, 0.072703, 0.138554, 0.163494, 0.046058, 0.018652, 0.022960, 0.330056, 33.556396
Smold, 161.906634, 24.420580, 1.146879, 1.933005, 2.280946, 0.105530, 0.113898, 0.396382, 5.697996, 198.001851
Resid, 122.818725, 18.524902, 0.869997, 1.466334, 1.730275, 0.080052, 0.086400, 0.300687, 4.322371, 150.199743
Total, 316.122766, 44.311994, 2.089579, 3.537894, 4.174715, 0.231640, 0.218949, 0.720029, 10.350424, 381.757991
