cons_flm=3.751717
cons_sts=1.186460
cons_lts=0.832324
cons_duff=0.000000
moist_duff=150.000000
