cons_flm=14.895962
cons_sts=1.209868
cons_lts=0.222752
cons_duff=0.000000
moist_duff=40.000000
