cons_flm=0.832437
cons_sts=0.068422
cons_lts=0.000000
cons_duff=0.000000
moist_duff=150.000000
