cons_flm=7.963562
cons_sts=2.179919
cons_lts=1.737220
cons_duff=0.000000
moist_duff=40.000000
