cons_flm=3.648378
cons_sts=0.904350
cons_lts=0.655019
cons_duff=0.000000
moist_duff=150.000000
