cons_flm=1.582589
cons_sts=0.123875
cons_lts=0.016437
cons_duff=0.000000
moist_duff=150.000000
