Phase, CO2, CO, CH4, PM25, PM10, NOx, SO2, NH3, VOC, Total
Flame, 82.084283, 3.572560, 0.190072, 0.362232, 0.427433, 0.120412, 0.048762, 0.060027, 0.862888, 87.728668
Smold, 21.702299, 3.273385, 0.153730, 0.259104, 0.305743, 0.014145, 0.015267, 0.053132, 0.763771, 26.540576
Resid, 15.770325, 2.378658, 0.111710, 0.188282, 0.222173, 0.010279, 0.011094, 0.038609, 0.555007, 19.286137
Total, 119.556906, 9.224602, 0.455513, 0.809618, 0.955349, 0.144837, 0.075123, 0.151768, 2.181665, 133.555381
