Phase, CO2, CO, CH4, PM25, PM10, NOx, SO2, NH3, VOC, Total
Flame, 13.381683, 0.582412, 0.030986, 0.059052, 0.069682, 0.019630, 0.007949, 0.009786, 0.140671, 14.301852
Smold, 8.536353, 1.287549, 0.060468, 0.101916, 0.120260, 0.005564, 0.006005, 0.020899, 0.300421, 10.439434
Resid, 14.057228, 2.120269, 0.099576, 0.167829, 0.198039, 0.009162, 0.009889, 0.034415, 0.494717, 17.191124
Total, 35.975264, 3.990230, 0.191030, 0.328797, 0.387981, 0.034356, 0.023843, 0.065100, 0.935809, 41.932410
