Phase, CO2, CO, CH4, PM25, PM10, NOx, SO2, NH3, VOC, Total
Flame, 4.302533, 0.187259, 0.009963, 0.018987, 0.022404, 0.006312, 0.002556, 0.003146, 0.045229, 4.598389
Smold, 0.266825, 0.040246, 0.001890, 0.003186, 0.003759, 0.000174, 0.000188, 0.000653, 0.009390, 0.326311
Resid, 0.043709, 0.006593, 0.000310, 0.000522, 0.000616, 0.000028, 0.000031, 0.000107, 0.001538, 0.053454
Total, 4.613067, 0.234098, 0.012163, 0.022694, 0.026779, 0.006514, 0.002774, 0.003907, 0.056158, 4.978154
