Phase, CO2, CO, CH4, PM25, PM10, NOx, SO2, NH3, VOC, Total
Flame, 9.305994, 0.405025, 0.021549, 0.041067, 0.048459, 0.013651, 0.005528, 0.006805, 0.097827, 9.945905
Smold, 0.831965, 0.125486, 0.005893, 0.009933, 0.011721, 0.000542, 0.000585, 0.002037, 0.029279, 1.017443
Resid, 0.166366, 0.025093, 0.001178, 0.001986, 0.002344, 0.000108, 0.000117, 0.000407, 0.005855, 0.203455
Total, 10.304325, 0.555605, 0.028620, 0.052986, 0.062523, 0.014302, 0.006231, 0.009249, 0.132961, 11.166802
