cons_flm=21.223363
cons_sts=5.231503
cons_lts=2.893772
cons_duff=0.102429
moist_duff=40.000000
