Phase, CO2, CO, CH4, PM25, PM10, NOx, SO2, NH3, VOC, Total
Flame, 33.241062, 1.446753, 0.076972, 0.146690, 0.173095, 0.048762, 0.019747, 0.024309, 0.349437, 35.526827
Smold, 48.858794, 7.369433, 0.346095, 0.583326, 0.688324, 0.031846, 0.034371, 0.119617, 1.719492, 59.751299
Resid, 56.041221, 8.452767, 0.396973, 0.669077, 0.789511, 0.036527, 0.039424, 0.137201, 1.972264, 68.534964
Total, 138.141077, 17.268953, 0.820040, 1.399093, 1.650930, 0.117136, 0.093542, 0.281127, 4.041194, 163.813090
