Phase, CO2, CO, CH4, PM25, PM10, NOx, SO2, NH3, VOC, Total
Flame, 23.847024, 1.037896, 0.055220, 0.105235, 0.124177, 0.034982, 0.014166, 0.017439, 0.250685, 25.486824
Smold, 12.240270, 1.846215, 0.086705, 0.146137, 0.172441, 0.007978, 0.008611, 0.029967, 0.430773, 14.969096
Resid, 12.126608, 1.829071, 0.085900, 0.144780, 0.170840, 0.007904, 0.008531, 0.029689, 0.426773, 14.830096
Total, 48.213902, 4.713182, 0.227824, 0.396152, 0.467459, 0.050864, 0.031308, 0.077094, 1.108231, 55.286016
