Phase, CO2, CO, CH4, PM25, PM10, NOx, SO2, NH3, VOC, Total
Flame, 18.996409, 0.826782, 0.043988, 0.083830, 0.098919, 0.027866, 0.011285, 0.013892, 0.199694, 20.302665
Smold, 26.554814, 4.005296, 0.188103, 0.317038, 0.374105, 0.017308, 0.018681, 0.065012, 0.934546, 32.474904
Resid, 46.138861, 6.959182, 0.326829, 0.550852, 0.650006, 0.030073, 0.032458, 0.112958, 1.623769, 56.424988
Total, 91.690085, 11.791260, 0.558919, 0.951720, 1.123030, 0.075248, 0.062423, 0.191862, 2.758010, 109.202557
