cons_flm=4.686398
cons_sts=0.516117
cons_lts=0.085677
cons_duff=0.000000
moist_duff=150.000000
