Phase, CO2, CO, CH4, PM25, PM10, NOx, SO2, NH3, VOC, Total
Flame, 7.731151, 0.336483, 0.017902, 0.034117, 0.040258, 0.011341, 0.004593, 0.005654, 0.081272, 8.262770
Smold, 0.718992, 0.108447, 0.005093, 0.008584, 0.010129, 0.000469, 0.000506, 0.001760, 0.025304, 0.879283
Resid, 0.119355, 0.018002, 0.000845, 0.001425, 0.001681, 0.000078, 0.000084, 0.000292, 0.004200, 0.145964
Total, 8.569498, 0.462932, 0.023841, 0.044126, 0.052069, 0.011888, 0.005182, 0.007706, 0.110776, 9.288017
