cons_flm=1.201503
cons_sts=0.063237
cons_lts=0.000000
cons_duff=0.000000
moist_duff=150.000000
