cons_flm=4.198176
cons_sts=0.755319
cons_lts=0.532149
cons_duff=0.000000
moist_duff=150.000000
