cons_flm=7.434819
cons_sts=4.397863
cons_lts=2.478384
cons_duff=0.000000
moist_duff=150.000000
