Phase, CO2, CO, CH4, PM25, PM10, NOx, SO2, NH3, VOC, Total
Flame, 15.511504, 0.675108, 0.035918, 0.068451, 0.080772, 0.022754, 0.009215, 0.011343, 0.163060, 16.578126
Smold, 3.762698, 0.567532, 0.026653, 0.044923, 0.053009, 0.002453, 0.002647, 0.009212, 0.132421, 4.601548
Resid, 2.621481, 0.395401, 0.018569, 0.031298, 0.036932, 0.001709, 0.001844, 0.006418, 0.092258, 3.205910
Total, 21.895683, 1.638042, 0.081141, 0.144672, 0.170713, 0.026916, 0.013706, 0.026973, 0.387739, 24.385584
