Phase, CO2, CO, CH4, PM25, PM10, NOx, SO2, NH3, VOC, Total
Flame, 9.323235, 0.405776, 0.021589, 0.041143, 0.048548, 0.013677, 0.005538, 0.006818, 0.098008, 9.964331
Smold, 3.621431, 0.546225, 0.025653, 0.043236, 0.051019, 0.002360, 0.002548, 0.008866, 0.127449, 4.428788
Resid, 5.851605, 0.882605, 0.041450, 0.069862, 0.082438, 0.003814, 0.004116, 0.014326, 0.205936, 7.156152
Total, 18.796271, 1.834606, 0.088692, 0.154241, 0.182005, 0.019851, 0.012203, 0.030010, 0.431393, 21.549271
