Phase, CO2, CO, CH4, PM25, PM10, NOx, SO2, NH3, VOC, Total
Flame, 14.910462, 0.648949, 0.034526, 0.065799, 0.077643, 0.021873, 0.008858, 0.010904, 0.156742, 15.935754
Smold, 5.458561, 0.823322, 0.038666, 0.065170, 0.076900, 0.003558, 0.003840, 0.013364, 0.192104, 6.675484
Resid, 3.309455, 0.499169, 0.023443, 0.039512, 0.046624, 0.002157, 0.002328, 0.008102, 0.116470, 4.047260
Total, 23.678478, 1.971440, 0.096635, 0.170480, 0.201167, 0.027588, 0.015026, 0.032370, 0.465316, 26.658499
