cons_flm=3.050247
cons_sts=0.238633
cons_lts=0.032720
cons_duff=0.000000
moist_duff=40.000000
