Phase, CO2, CO, CH4, PM25, PM10, NOx, SO2, NH3, VOC, Total
Flame, 35.890888, 1.562081, 0.083108, 0.158384, 0.186893, 0.052650, 0.021321, 0.026246, 0.377293, 38.358864
Smold, 46.648620, 7.036070, 0.330439, 0.556938, 0.657187, 0.030405, 0.032816, 0.114206, 1.641709, 57.048392
Resid, 75.181247, 11.339682, 0.532553, 0.897590, 1.059156, 0.049003, 0.052888, 0.184060, 2.645861, 91.942039
Total, 157.720755, 19.937833, 0.946100, 1.612912, 1.903236, 0.132057, 0.107025, 0.324512, 4.664863, 187.349294
