cons_flm=1.624856
cons_sts=0.323063
cons_lts=0.121325
cons_duff=0.000137
moist_duff=150.000000
