Phase, CO2, CO, CH4, PM25, PM10, NOx, SO2, NH3, VOC, Total
Flame, 2.680525, 0.116665, 0.006207, 0.011829, 0.013958, 0.003932, 0.001592, 0.001960, 0.028178, 2.864847
Smold, 0.450053, 0.067882, 0.003188, 0.005373, 0.006340, 0.000293, 0.000317, 0.001102, 0.015839, 0.550387
Resid, 0.169015, 0.025493, 0.001197, 0.002018, 0.002381, 0.000110, 0.000119, 0.000414, 0.005948, 0.206695
Total, 3.299593, 0.210039, 0.010592, 0.019220, 0.022680, 0.004336, 0.002028, 0.003476, 0.049965, 3.621929
