Phase, CO2, CO, CH4, PM25, PM10, NOx, SO2, NH3, VOC, Total
Flame, 9.555297, 0.415876, 0.022126, 0.042167, 0.049757, 0.014017, 0.005676, 0.006988, 0.100447, 10.212350
Smold, 3.703861, 0.558658, 0.026237, 0.044220, 0.052180, 0.002414, 0.002606, 0.009068, 0.130350, 4.529594
Resid, 4.640455, 0.699926, 0.032871, 0.055402, 0.065375, 0.003025, 0.003264, 0.011361, 0.163312, 5.674991
Total, 17.899613, 1.674460, 0.081234, 0.141790, 0.167312, 0.019456, 0.011546, 0.027416, 0.394110, 20.416936
