Phase, CO2, CO, CH4, PM25, PM10, NOx, SO2, NH3, VOC, Total
Flame, 22.245032, 0.968172, 0.051510, 0.098166, 0.115835, 0.032632, 0.013215, 0.016267, 0.233845, 23.774673
Smold, 12.192480, 1.839007, 0.086366, 0.145566, 0.171768, 0.007947, 0.008577, 0.029850, 0.429091, 14.910653
Resid, 20.632714, 3.112058, 0.146154, 0.246334, 0.290674, 0.013448, 0.014515, 0.050513, 0.726129, 25.232540
Total, 55.070226, 5.919237, 0.284030, 0.490066, 0.578278, 0.054027, 0.036306, 0.096631, 1.389065, 63.917866
