cons_flm=2.777615
cons_sts=0.181425
cons_lts=0.007888
cons_duff=0.000088
moist_duff=40.000000
