cons_flm=5.131483
cons_sts=0.962807
cons_lts=0.509505
cons_duff=0.000000
moist_duff=150.000000
