Phase, CO2, CO, CH4, PM25, PM10, NOx, SO2, NH3, VOC, Total
Flame, 10.826229, 0.471191, 0.025069, 0.047775, 0.056375, 0.015881, 0.006431, 0.007917, 0.113808, 11.570676
Smold, 6.023313, 0.908504, 0.042667, 0.071912, 0.084857, 0.003926, 0.004237, 0.014746, 0.211979, 7.366141
Resid, 2.850952, 0.430013, 0.020195, 0.034038, 0.040164, 0.001858, 0.002006, 0.006980, 0.100334, 3.486539
Total, 19.700494, 1.809707, 0.087931, 0.153725, 0.181396, 0.021666, 0.012674, 0.029643, 0.426121, 22.423356
