cons_flm=1.809800
cons_sts=0.154159
cons_lts=0.020110
cons_duff=0.000000
moist_duff=150.000000
