cons_flm=2.926478
cons_sts=0.170598
cons_lts=0.000000
cons_duff=0.000000
moist_duff=150.000000
