Phase, CO2, CO, CH4, PM25, PM10, NOx, SO2, NH3, VOC, Total
Flame, 2.221992, 0.096708, 0.005145, 0.009805, 0.011570, 0.003260, 0.001320, 0.001625, 0.023358, 2.374784
Smold, 0.213651, 0.032225, 0.001513, 0.002551, 0.003010, 0.000139, 0.000150, 0.000523, 0.007519, 0.261282
Resid, 0.041700, 0.006290, 0.000295, 0.000498, 0.000587, 0.000027, 0.000029, 0.000102, 0.001468, 0.050997
Total, 2.477344, 0.135223, 0.006954, 0.012854, 0.015168, 0.003426, 0.001500, 0.002250, 0.032345, 2.687063
