cons_flm=5.387287
cons_sts=0.394867
cons_lts=0.039220
cons_duff=0.000000
moist_duff=150.000000
