cons_flm=11.750559
cons_sts=2.738082
cons_lts=1.121074
cons_duff=1.456640
moist_duff=40.000000
