cons_flm=13.457296
cons_sts=0.898039
cons_lts=0.039220
cons_duff=0.000000
moist_duff=150.000000
