cons_flm=3.586409
cons_sts=0.584843
cons_lts=0.219030
cons_duff=0.000000
moist_duff=150.000000
