cons_flm=3.702609
cons_sts=0.200189
cons_lts=0.000000
cons_duff=0.000000
moist_duff=40.000000
