cons_flm=0.957720
cons_sts=0.056273
cons_lts=0.000000
cons_duff=0.000000
moist_duff=40.000000
