cons_flm=3.024232
cons_sts=0.185991
cons_lts=0.000000
cons_duff=0.000000
moist_duff=40.000000
