Phase, CO2, CO, CH4, PM25, PM10, NOx, SO2, NH3, VOC, Total
Flame, 6.925731, 0.301429, 0.016037, 0.030563, 0.036064, 0.010160, 0.004114, 0.005065, 0.072805, 7.401967
Smold, 1.052220, 0.158708, 0.007453, 0.012562, 0.014824, 0.000686, 0.000740, 0.002576, 0.037031, 1.286800
Resid, 0.741326, 0.111815, 0.005251, 0.008851, 0.010444, 0.000483, 0.000522, 0.001815, 0.026090, 0.906596
Total, 8.719277, 0.571952, 0.028742, 0.051976, 0.061332, 0.011329, 0.005376, 0.009456, 0.135925, 9.595363
