cons_flm=7.970335
cons_sts=3.281404
cons_lts=2.192705
cons_duff=0.000166
moist_duff=150.000000
