Phase, CO2, CO, CH4, PM25, PM10, NOx, SO2, NH3, VOC, Total
Flame, 13.148662, 0.572270, 0.030447, 0.058024, 0.068468, 0.019288, 0.007811, 0.009615, 0.138222, 14.052807
Smold, 4.571258, 0.689489, 0.032381, 0.054576, 0.064400, 0.002980, 0.003216, 0.011191, 0.160877, 5.590368
Resid, 3.054613, 0.460731, 0.021638, 0.036469, 0.043034, 0.001991, 0.002149, 0.007478, 0.107501, 3.735604
Total, 20.774533, 1.722490, 0.084465, 0.149069, 0.175902, 0.024259, 0.013176, 0.028285, 0.406600, 23.378779
